#         t          x          y          z         vx         vy         vz
      0.000    -98.560   -119.990   -127.760    -28.430    173.920     93.230
      0.500     22.142     64.693     52.228    511.239    564.813    626.723
      1.000    245.019    302.094    319.927    380.267    384.791    444.072
      1.500    425.223    482.839    529.349    340.549    338.189    393.615
      2.000    590.488    646.351    719.967    320.511    315.857    368.857
      2.500    747.674    800.949    900.652    308.234    302.538    353.886
      3.000    899.708    949.996   1075.073    299.902    293.650    343.796
      3.500   1048.154   1095.235   1245.154    293.881    287.304    336.531
      4.000   1193.960   1237.701   1412.053    289.345    282.563    331.063
      4.500   1337.753   1378.069   1576.523    285.824    278.908    326.818
      5.000   1479.966   1516.803   1739.089    283.031    276.026    323.446
      5.500   1620.920   1654.238   1900.131    280.781    273.714    320.720
      6.000   1760.852   1790.625   2059.932    278.947    271.836    318.487
      6.500   1899.948   1926.158   2218.715    277.438    270.296    316.641
      7.000   2038.355   2060.989   2376.650    276.191    269.027    315.103
      7.500   2176.192   2195.240   2533.880    275.155    267.976    313.815
      8.000   2313.554   2329.010   2690.517    274.295    267.106    312.733
      8.500   2450.523   2462.383   2846.655    273.581    266.385    311.823
      9.000   2587.166   2595.427   3002.376    272.991    265.790    311.058
      9.500   2723.540   2728.200   3157.744    272.506    265.303    310.416
     10.000   2859.694   2860.752   3312.818    272.112    264.908    309.880
     10.500   2995.671   2993.127   3467.647    271.796    264.592    309.437
