#         t          x          y          z         vx         vy         vz
      0.000    -98.560   -119.990   -127.760    -28.430    173.920     93.230
      0.010    -98.812   -118.212   -126.786    -22.034    181.637    101.476
      0.020    -99.000   -116.357   -125.730    -15.492    189.393    109.826
      0.030    -99.121   -114.424   -124.589     -8.791    197.197    118.289
      0.040    -99.175   -112.413   -123.364     -1.922    205.053    126.877
      0.050    -99.159   -110.323   -122.051      5.129    212.971    135.599
      0.060    -99.071   -108.153   -120.651     12.375    220.955    144.469
      0.070    -98.910   -105.903   -119.161     19.831    229.015    153.498
      0.080    -98.674   -103.572   -117.580     27.512    237.159    162.700
      0.090    -98.359   -101.160   -115.906     35.437    245.393    172.091
      0.100    -97.964    -98.664   -114.137     43.627    253.728    181.685
      0.110    -97.485    -96.085   -112.271     52.101    262.173    191.501
      0.120    -96.920    -93.420   -110.306     60.887    270.737    201.558
      0.130    -96.266    -90.669   -108.239     70.009    279.430    211.878
      0.140    -95.518    -87.831   -106.067     79.500    288.264    222.482
      0.150    -94.673    -84.903   -103.788     89.394    297.251    233.398
      0.160    -93.728    -81.885   -101.397     99.729    306.402    244.654
      0.170    -92.676    -78.774    -98.893    110.551    315.731    256.282
      0.180    -91.514    -75.569    -96.270    121.911    325.251    268.318
      0.190    -90.235    -72.268    -93.524    133.866    334.978    280.803
      0.200    -88.834    -68.869    -90.651    146.485    344.926    293.782
      0.210    -87.302    -65.368    -87.646    159.846    355.111    307.308
      0.220    -85.632    -61.765    -84.502    174.042    365.550    321.440
      0.230    -83.816    -58.056    -81.213    189.182    376.259    336.247
      0.240    -81.843    -54.239    -77.773    205.396    387.253    351.809
      0.250    -79.702    -50.310    -74.173    222.840    398.545    368.217
      0.260    -77.380    -46.266    -70.404    241.704    410.147    385.581
      0.270    -74.860    -42.105    -66.456    262.221    422.060    404.027
      0.280    -72.125    -37.823    -62.317    284.680    434.278    423.705
      0.290    -69.155    -33.418    -57.975    309.446    446.772    444.795
      0.300    -65.923    -28.887    -53.413    336.988    459.481    467.509
      0.310    -62.398    -24.228    -48.615    367.910    472.286    492.098
      0.320    -58.543    -19.442    -43.561    403.018    484.969    518.860
      0.330    -54.311    -14.531    -38.226    443.397    497.132    548.126
      0.340    -49.642     -9.505    -32.584    490.538    508.040    580.242
      0.350    -44.456     -4.384    -26.605    546.517    516.311    615.459
      0.360    -38.653      0.794    -20.260    614.202    519.243    653.633
      0.370    -32.096      5.947    -13.525    697.236    511.343    693.293
      0.380    -24.618     10.910     -6.414    798.365    481.296    728.860
      0.390    -16.077     15.364      0.949    909.715    409.421    743.840
      0.400     -6.583     18.858      8.227    989.179    289.437    711.687
      0.410      3.357     21.157     14.998    998.789    170.348    642.577
      0.420     13.182     22.431     21.068    966.170     84.365    571.436
      0.430     22.613     22.982     26.477    920.133     25.955    510.286
      0.440     31.576     23.039     31.325    872.383    -14.596    459.354
      0.450     40.072     22.747     35.705    826.779    -43.735    416.692
      0.460     48.128     22.202     39.691    784.374    -65.341    380.445
      0.470     55.776     21.466     43.339    745.251    -81.778    349.185
      0.480     63.048     20.585     46.694    709.170    -94.541    321.849
      0.490     69.973     19.589     49.792    675.807   -104.610    297.654
      0.500     76.576     18.503     52.660    644.839   -112.652    276.008
      0.510     82.880     17.344     55.322    615.972   -119.133    256.464
      0.520     88.905     16.126     57.798    588.950   -124.390    238.674
      0.530     94.667     14.861     60.103    563.550   -128.670    222.365
      0.540    100.183     13.557     62.252    539.584   -132.156    207.320
      0.550    105.465     12.221     64.255    516.888   -134.993    193.363
      0.560    110.526     10.860     66.124    495.323   -137.288    180.350
      0.570    115.377      9.478     67.866    474.769   -139.129    168.164
      0.580    120.026      8.079     69.491    455.121   -140.585    156.705
      0.590    124.483      6.667     71.004    436.290   -141.712    145.889
      0.600    128.756      5.246     72.411    418.196   -142.553    135.647
      0.610    132.850      3.818     73.719    400.770   -143.147    125.918
      0.620    136.774      2.384     74.932    383.951   -143.525    116.651
      0.630    140.532      0.948     76.054    367.684   -143.710    107.799
      0.640    144.130     -0.489     77.090    351.921   -143.726     99.324
      0.650    147.573     -1.926     78.042    336.620   -143.589     91.192
      0.660    150.865     -3.360     78.915    321.741   -143.315     83.372
      0.670    154.010     -4.791     79.711    307.250   -142.917     75.838
      0.680    157.011     -6.218     80.433    293.114   -142.407     68.565
      0.690    159.874     -7.639     81.084    279.306   -141.792     61.532
      0.700    162.599     -9.053     81.665    265.799   -141.083     54.721
      0.710    165.191    -10.460     82.179    252.569   -140.285     48.114
      0.720    167.652    -11.859     82.628    239.595   -139.404     41.695
      0.730    169.984    -13.248     83.014    226.855   -138.446     35.451
      0.740    172.190    -14.627     83.338    214.332   -137.415     29.368
      0.750    174.272    -15.996     83.602    202.007   -136.315     23.436
      0.760    176.231    -17.353     83.807    189.866   -135.149     17.642
      0.770    178.070    -18.698     83.956    177.892   -133.919     11.978
      0.780    179.790    -20.031     84.048    166.071   -132.629      6.435
      0.790    181.392    -21.351     84.085    154.390   -131.279      1.003
      0.800    182.878    -22.656     84.068    142.837   -129.872     -4.324
      0.810    184.249    -23.948     83.999    131.399   -128.409     -9.554
      0.820    185.507    -25.224     83.878    120.065   -126.890    -14.694
      0.830    186.651    -26.485     83.705    108.824   -125.317    -19.749
      0.840    187.683    -27.730     83.483     97.666   -123.690    -24.727
      0.850    188.605    -28.959     83.211     86.581   -122.008    -29.631
      0.860    189.415    -30.170     82.891     75.558   -120.272    -34.469
      0.870    190.116    -31.364     82.522     64.589   -118.482    -39.243
      0.880    190.707    -32.540     82.106     53.664   -116.637    -43.959
      0.890    191.190    -33.697     81.643     42.775   -114.737    -48.622
      0.900    191.563    -34.834     81.134     31.912   -112.780    -53.236
      0.910    191.828    -35.952     80.579     21.066   -110.766    -57.804
      0.920    191.984    -37.049     79.978     10.230   -108.693    -62.331
      0.930    192.032    -38.125     79.332     -0.606   -106.560    -66.819
      0.940    191.972    -39.180     78.642    -11.450   -104.365    -71.274
      0.950    191.803    -40.212     77.907    -22.311   -102.106    -75.698
      0.960    191.526    -41.222     77.128    -33.197    -99.781    -80.094
      0.970    191.139    -42.208     76.305    -44.117    -97.388    -84.466
      0.980    190.643    -43.169     75.439    -55.081    -94.924    -88.817
      0.990    190.037    -44.106     74.529    -66.096    -92.386    -93.150
      1.000    189.321    -45.017     73.576    -77.174    -89.772    -97.468
      1.010    188.494    -45.901     72.580    -88.323    -87.076   -101.774
      1.020    187.554    -46.758     71.540    -99.553    -84.297   -106.071
      1.030    186.502    -47.586     70.458   -110.875    -81.429   -110.362
      1.040    185.336    -48.386     69.333   -122.299    -78.467   -114.650
      1.050    184.056    -49.155     68.165   -133.837    -75.408   -118.938
      1.060    182.659    -49.893     66.954   -145.501    -72.245   -123.228
      1.070    181.145    -50.600     65.701   -157.302    -68.972   -127.524
      1.080    179.512    -51.272     64.404   -169.255    -65.583   -131.829
      1.090    177.759    -51.911     63.064   -181.372    -62.071   -136.145
      1.100    175.884    -52.513     61.681   -193.670    -58.426   -140.476
      1.110    173.885    -53.078     60.254   -206.164    -54.642   -144.824
      1.120    171.759    -53.605     58.784   -218.871    -50.707   -149.193
      1.130    169.506    -54.092     57.270   -231.809    -46.610   -153.585
      1.140    167.122    -54.537     55.713   -244.999    -42.341   -158.005
      1.150    164.605    -54.938     54.110   -258.461    -37.885   -162.454
      1.160    161.951    -55.293     52.463   -272.219    -33.227   -166.936
      1.170    159.159    -55.601     50.771   -286.299    -28.351   -171.455
      1.180    156.223    -55.859     49.034   -300.729    -23.238   -176.014
      1.190    153.142    -56.065     47.251   -315.539    -17.867   -180.615
      1.200    149.911    -56.215     45.421   -330.763    -12.212   -185.263
      1.210    146.525    -56.307     43.545   -346.439     -6.248   -189.959
      1.220    142.979    -56.338     41.622   -362.610      0.058   -194.708
      1.230    139.270    -56.304     39.651   -379.321      6.741   -199.512
      1.240    135.390    -56.201     37.631   -396.625     13.843   -204.372
      1.250    131.334    -56.025     35.563   -414.582     21.413   -209.291
      1.260    127.095    -55.770     33.445   -433.259     29.507   -214.270
      1.270    122.665    -55.432     31.277   -452.732     38.191   -219.307
      1.280    118.036    -55.003     29.059   -473.089     47.546   -224.401
      1.290    113.198    -54.477     26.789   -494.430     57.665   -229.546
      1.300    108.142    -53.846     24.468   -516.873     68.663   -234.733
      1.310    102.854    -53.099     22.094   -540.553     80.681   -239.949
      1.320     97.324    -52.226     19.669   -565.629     93.890   -245.170
      1.330     91.534    -51.214     17.191   -592.288    108.507   -250.363
      1.340     85.469    -50.047     14.662   -620.750    124.805   -255.473
      1.350     79.109    -48.708     12.082   -651.276    143.139   -260.422
      1.360     72.431    -47.172      9.455   -684.176    163.971   -265.085
      1.370     65.411    -45.413      6.783   -719.812    187.923   -269.268
      1.380     58.019    -43.394      4.074   -758.598    215.846   -272.661
      1.390     50.222    -41.070      1.336   -800.981    248.937   -274.752
      1.400     41.980    -38.381     -1.411   -847.362    288.922   -274.655
      1.410     33.254    -35.244     -4.138   -897.855    338.356   -270.903
      1.420     24.007    -31.547     -6.796   -951.586    401.052   -260.622
      1.430     14.226    -27.130     -9.291  -1004.571    482.397   -238.307
      1.440      3.985    -21.781    -11.451  -1043.642    587.376   -193.779
      1.450     -6.413    -15.315    -12.999  -1035.883    705.768   -115.741
      1.460    -16.372     -7.851    -13.688   -955.951    787.038    -22.120
      1.470    -25.393      0.119    -13.558   -848.201    806.996     48.178
      1.480    -33.387      8.120    -12.856   -750.522    793.315     92.082
      1.490    -40.486     15.921    -11.800   -669.299    766.895    119.202
      1.500    -46.843     23.439    -10.522   -602.150    736.644    136.378
      1.510    -52.583     30.653     -9.103   -545.904    706.060    147.493
      1.520    -57.803     37.565     -7.591   -498.018    676.482    154.750
      1.530    -62.576     44.190     -6.020   -456.613    648.379    159.448
      1.540    -66.961     50.541     -4.411   -420.316    621.852    162.390
      1.550    -71.003     56.634     -2.779   -388.116    596.856    164.091
      1.560    -74.740     62.485     -1.134   -359.252    573.283    164.898
      1.570    -78.202     68.106      0.516   -333.147    551.011    165.061
      1.580    -81.414     73.511      2.165   -309.349    529.915    164.702
      1.590    -84.398     78.710      3.808   -287.505    509.881    163.941
      1.600    -87.172     83.714      5.442   -267.332    490.803    162.875
      1.610    -89.752     88.530      7.064   -248.600    472.586    161.569
      1.620    -92.151     93.169      8.672   -231.122    455.148    160.074
      1.630    -94.380     97.637     10.265   -214.742    438.413    158.428
      1.640    -96.450    101.941     11.840   -199.331    422.316    156.658
      1.650    -98.371    106.086     13.398   -184.778    406.797    154.788
      1.660   -100.150    110.079     14.936   -170.992    391.806    152.835
      1.670   -101.794    113.925     16.454   -157.891    377.295    150.814
      1.680   -103.311    117.627     17.952   -145.408    363.224    148.734
      1.690   -104.705    121.191     19.428   -133.482    349.554    146.606
      1.700   -105.983    124.620     20.884   -122.062    336.251    144.435
      1.710   -107.149    127.918     22.317   -111.102    323.287    142.228
      1.720   -108.207    131.087     23.728   -100.561    310.632    139.989
      1.730   -109.162    134.132     25.117    -90.405    298.262    137.721
      1.740   -110.017    137.054     26.482    -80.601    286.154    135.427
      1.750   -110.776    139.856     27.825    -71.120    274.287    133.109
      1.760   -111.441    142.541     29.144    -61.939    262.641    130.770
      1.770   -112.016    145.110     30.440    -53.032    251.199    128.409
      1.780   -112.503    147.566     31.712    -44.381    239.944    126.029
      1.790   -112.904    149.910     32.961    -35.965    228.861    123.629
      1.800   -113.223    152.144     34.185    -27.768    217.935    121.209
      1.810   -113.461    154.269     35.385    -19.775    207.153    118.770
      1.820   -113.620    156.287     36.560    -11.970    196.503    116.312
      1.830   -113.701    158.200     37.711     -4.341    185.973    113.834
      1.840   -113.707    160.007     38.837      3.125    175.551    111.336
      1.850   -113.639    161.711     39.938     10.437    165.226    108.817
      1.860   -113.499    163.312     41.013     17.608    154.989    106.276
      1.870   -113.288    164.812     42.063     24.647    144.830    103.712
      1.880   -113.007    166.209     43.087     31.562    134.740    101.125
      1.890   -112.657    167.507     44.085     38.361    124.709     98.514
      1.900   -112.240    168.704     45.057     45.054    114.729     95.876
      1.910   -111.757    169.801     46.003     51.646    104.792     93.211
      1.920   -111.208    170.800     46.921     58.146     94.888     90.518
      1.930   -110.594    171.699     47.813     64.559     85.011     87.794
      1.940   -109.917    172.500     48.677     70.892     75.152     85.038
      1.950   -109.177    173.202     49.514     77.150     65.303     82.249
      1.960   -108.374    173.806     50.322     83.339     55.456     79.424
      1.970   -107.510    174.312     51.102     89.465     45.605     76.562
      1.980   -106.585    174.718     51.853     95.532     35.740     73.660
      1.990   -105.600    175.026     52.575    101.546     25.854     70.717
      2.000   -104.555    175.235     53.267    107.510     15.940     67.729
      2.010   -103.450    175.345     53.929    113.430      5.988     64.694
      2.020   -102.286    175.355     54.561    119.311     -4.008     61.609
      2.030   -101.064    175.264     55.161    125.155    -14.057     58.472
      2.040    -99.783    175.073     55.730    130.967    -24.168     55.279
      2.050    -98.445    174.781     56.266    136.752    -34.350     52.028
      2.060    -97.048    174.386     56.770    142.513    -44.612     48.713
      2.070    -95.594    173.888     57.240    148.254    -54.962     45.333
      2.080    -94.083    173.286     57.676    153.978    -65.412     41.881
      2.090    -92.515    172.579     58.078    159.690    -75.971     38.355
      2.100    -90.890    171.766     58.443    165.393    -86.650     34.749
      2.110    -89.207    170.846     58.772    171.091    -97.461     31.058
      2.120    -87.468    169.816     59.064    176.788   -108.415     27.276
      2.130    -85.671    168.676     59.317    182.486   -119.525     23.398
      2.140    -83.818    167.425     59.531    188.189   -130.806     19.416
      2.150    -81.908    166.059     59.705    193.902   -142.271     15.324
      2.160    -79.940    164.578     59.837    199.627   -153.936     11.114
      2.170    -77.915    162.980     59.927    205.368   -165.818      6.777
      2.180    -75.832    161.261     59.972    211.128   -177.935      2.303
      2.190    -73.692    159.420     59.972    216.912   -190.307     -2.317
      2.200    -71.494    157.453     59.925    222.721   -202.955     -7.096
      2.210    -69.238    155.359     59.829    228.561   -215.902    -12.045
      2.220    -66.923    153.134     59.683    234.433   -229.174    -17.180
      2.230    -64.549    150.774     59.485    240.341   -242.799    -22.516
      2.240    -62.116    148.276     59.232    246.289   -256.807    -28.070
      2.250    -59.623    145.636     58.922    252.279   -271.234    -33.863
      2.260    -57.070    142.849     58.553    258.313   -286.116    -39.916
      2.270    -54.456    139.911     58.122    264.393   -301.497    -46.256
      2.280    -51.782    136.816     57.626    270.521   -317.423    -52.911
      2.290    -49.046    133.559     57.062    276.698   -333.949    -59.914
      2.300    -46.248    130.134     56.426    282.922   -351.135    -67.304
      2.310    -43.387    126.533     55.714    289.192   -369.051    -75.125
      2.320    -40.464    122.749     54.921    295.503   -387.774    -83.429
      2.330    -37.477    118.773     54.043    301.849   -407.397    -92.275
      2.340    -34.426    114.596     53.073    308.217   -428.024   -101.736
      2.350    -31.312    110.207     52.004    314.592   -449.777   -111.898
      2.360    -28.135    105.594     50.831    320.947   -472.802   -122.864
      2.370    -24.894    100.744     49.543    327.247   -497.267   -134.758
      2.380    -21.590     95.640     48.130    333.439   -523.375   -147.737
      2.390    -18.226     90.267     46.581    339.447   -551.369   -161.993
      2.400    -14.803     84.602     44.883    345.158   -581.542   -177.769
      2.410    -11.325     78.623     43.017    350.406   -614.253   -195.379
      2.420     -7.798     72.302     40.964    354.939   -649.940   -215.231
      2.430     -4.232     65.607     38.698    358.369   -689.141   -237.869
      2.440     -0.640     58.499     36.189    360.082   -732.510   -264.034
      2.450      2.956     50.932     33.395    359.069   -780.823   -294.750
      2.460      6.520     42.853     30.264    353.612   -834.924   -331.467
      2.470      9.991     34.201     26.725    340.647   -895.467   -376.240
      2.480     13.267     24.914     22.685    314.478   -961.997   -431.844
      2.490     16.161     14.955     18.020    264.448  -1029.782   -501.049
      2.500     18.354      4.404     12.609    174.143  -1080.427   -581.182
      2.510     19.441     -6.366      6.467     43.318  -1073.624   -647.203
      2.520     19.281    -16.748     -0.102    -75.505  -1002.679   -666.711
      2.530     18.140    -26.330     -6.699   -152.663   -913.833   -652.661
      2.540     16.382    -35.057    -13.093   -198.970   -831.459   -626.091
      2.550     14.252    -43.014    -19.206   -226.974   -760.053   -596.541
      2.560     11.896    -50.308    -25.026   -244.153   -698.693   -567.450
      2.570      9.402    -57.030    -30.563   -254.677   -645.597   -539.946
      2.580      6.824    -63.253    -35.834   -260.931   -599.148   -514.300
      2.590      4.198    -69.039    -40.858   -264.344   -558.059   -490.474
      2.600      1.547    -74.436    -45.652   -265.804   -521.330   -468.323
      2.610     -1.112    -79.484    -50.232   -265.888   -488.191   -447.674
      2.620     -3.766    -84.215    -54.612   -264.980   -458.043   -428.360
      2.630     -6.408    -88.657    -58.805   -263.344   -430.412   -410.228
      2.640     -9.030    -92.834    -62.822   -261.167   -404.925   -393.144
      2.650    -11.629    -96.765    -66.673   -258.581   -381.277   -376.988
      2.660    -14.200   -100.468    -70.366   -255.684   -359.221   -361.660
      2.670    -16.741   -103.956    -73.910   -252.548   -338.555   -347.071
      2.680    -19.250   -107.245    -77.311   -249.226   -319.109   -333.144
      2.690    -21.725   -110.344    -80.575   -245.759   -300.741   -319.813
      2.700    -24.165   -113.264    -83.710   -242.178   -283.331   -307.018
      2.710    -26.568   -116.015    -86.718   -238.507   -266.776   -294.710
      2.720    -28.935   -118.604    -89.606   -234.764   -250.988   -282.842
      2.730    -31.263   -121.038    -92.377   -230.964   -235.892   -271.374
      2.740    -33.554   -123.325    -95.035   -227.118   -221.419   -260.272
      2.750    -35.805   -125.469    -97.584   -223.234   -207.514   -249.503
      2.760    -38.018   -127.478   -100.027   -219.319   -194.123   -239.039
      2.770    -40.192   -129.354   -102.366   -215.378   -181.203   -228.855
      2.780    -42.326   -131.104   -104.605   -211.414   -168.714   -218.928
      2.790    -44.420   -132.730   -106.746   -207.431   -156.618   -209.236
      2.800    -46.474   -134.238   -108.791   -203.429   -144.885   -199.761
      2.810    -48.488   -135.630   -110.742   -199.412   -133.485   -190.485
      2.820    -50.462   -136.909   -112.602   -195.378   -122.393   -181.392
      2.830    -52.396   -138.079   -114.371   -191.328   -111.584   -172.469
      2.840    -54.289   -139.142   -116.052   -187.263   -101.036   -163.700
      2.850    -56.141   -140.101   -117.646   -183.182    -90.731   -155.074
      2.860    -57.952   -140.958   -119.154   -179.084    -80.651   -146.578
      2.870    -59.723   -141.715   -120.578   -174.968    -70.778   -138.203
      2.880    -61.452   -142.374   -121.919   -170.833    -61.097   -129.938
      2.890    -63.139   -142.938   -123.177   -166.678    -51.594   -121.773
      2.900    -64.785   -143.407   -124.355   -162.501    -42.256   -113.699
      2.910    -66.389   -143.784   -125.452   -158.300    -33.071   -105.708
      2.920    -67.951   -144.069   -126.469   -154.074    -24.027    -97.791
      2.930    -69.470   -144.265   -127.408   -149.820    -15.114    -89.941
      2.940    -70.947   -144.372   -128.268   -145.538     -6.321    -82.151
      2.950    -72.381   -144.392   -129.051   -141.223      2.361    -74.413
      2.960    -73.771   -144.325   -129.757   -136.875     10.941    -66.721
      2.970    -75.118   -144.174   -130.386   -132.490     19.427    -59.067
      2.980    -76.421   -143.937   -130.938   -128.067     27.829    -51.445
      2.990    -77.679   -143.617   -131.415   -123.601     36.153    -43.849
      3.000    -78.893   -143.215   -131.815   -119.091     44.407    -36.273
      3.010    -80.061   -142.730   -132.140   -114.533     52.598    -28.711
      3.020    -81.183   -142.163   -132.389   -109.924     60.734    -21.155
      3.030    -82.259   -141.515   -132.563   -105.261     68.820    -13.602
      3.040    -83.288   -140.787   -132.662   -100.540     76.864     -6.043
      3.050    -84.270   -139.978   -132.684    -95.757     84.872      1.525
      3.060    -85.203   -139.089   -132.631    -90.908     92.850      9.111
      3.070    -86.088   -138.121   -132.502    -85.989    100.804     16.720
      3.080    -86.922   -137.073   -132.296    -80.996    108.741     24.357
      3.090    -87.707   -135.946   -132.014    -75.923    116.666     32.030
      3.100    -88.440   -134.740   -131.656    -70.766    124.585     39.745
      3.110    -89.122   -133.455   -131.219    -65.519    132.506     47.509
      3.120    -89.750   -132.090   -130.705    -60.176    140.432     55.328
      3.130    -90.325   -130.646   -130.112    -54.732    148.372     63.210
      3.140    -90.844   -129.122   -129.441    -49.178    156.330     71.162
      3.150    -91.308   -127.519   -128.689    -43.509    164.313     79.192
      3.160    -91.714   -125.836   -127.856    -37.716    172.329     87.308
      3.170    -92.062   -124.073   -126.942    -31.791    180.382     95.519
      3.180    -92.349   -122.228   -125.945    -25.726    188.480    103.834
      3.190    -92.575   -120.303   -124.865    -19.509    196.630    112.262
      3.200    -92.739   -118.295   -123.700    -13.131    204.839    120.814
      3.210    -92.837   -116.206   -122.448     -6.580    213.115    129.501
      3.220    -92.869   -114.033   -121.109      0.157    221.465    138.334
      3.230    -92.833   -111.776   -119.680      7.094    229.897    147.326
      3.240    -92.726   -109.434   -118.161     14.246    238.421    156.490
      3.250    -92.547   -107.007   -116.550     21.629    247.046    165.842
      3.260    -92.292   -104.493   -114.844     29.264    255.779    175.397
      3.270    -91.960   -101.891   -113.041     37.169    264.633    185.172
      3.280    -91.548    -99.199   -111.139     45.369    273.618    195.188
      3.290    -91.051    -96.418   -109.136     53.889    282.744    205.464
      3.300    -90.468    -93.544   -107.028     62.758    292.025    216.024
      3.310    -89.794    -90.576   -104.814     72.008    301.473    226.894
      3.320    -89.026    -87.513   -102.489     81.676    311.102    238.101
      3.330    -88.158    -84.353   -100.050     91.805    320.927    249.678
      3.340    -87.187    -81.094    -97.493    102.442    330.964    261.661
      3.350    -86.107    -77.733    -94.814    113.642    341.230    274.089
      3.360    -84.911    -74.268    -92.009    125.468    351.742    287.007
      3.370    -83.594    -70.697    -89.071    137.995    362.520    300.469
      3.380    -82.147    -67.016    -85.996    151.308    373.584    314.532
      3.390    -80.563    -63.223    -82.777    165.512    384.955    329.265
      3.400    -78.832    -59.315    -79.407    180.726    396.654    344.746
      3.410    -76.943    -55.289    -75.878    197.098    408.701    361.067
      3.420    -74.883    -51.140    -72.181    214.804    421.116    378.334
      3.430    -72.639    -46.864    -68.306    234.061    433.913    396.675
      3.440    -70.193    -42.459    -64.242    255.141    447.099    416.238
      3.450    -67.526    -37.921    -59.975    278.381    460.667    437.201
      3.460    -64.613    -33.244    -55.490    304.215    474.585    459.777
      3.470    -61.425    -28.427    -50.770    333.206    488.776    484.221
      3.480    -57.929    -23.468    -45.794    366.097    503.083    510.835
      3.490    -54.079    -18.367    -40.540    403.892    517.205    539.971
      3.500    -49.820    -13.128    -34.980    447.969    530.573    572.013
      3.510    -45.079     -7.765    -29.084    500.258    542.093    607.317
      3.520    -39.760     -2.306    -22.817    563.466    549.605    645.991
      3.530    -33.736      3.185    -16.151    641.239    548.684    687.235
      3.540    -26.843      8.579     -9.079    737.366    530.029    727.278
      3.550    -18.909     13.607     -1.674    849.602    475.618    753.672
      3.560     -9.923     17.829      5.793    947.590    368.796    739.706
      3.570     -0.282     20.892     12.889    980.546    243.790    679.405
      3.580      9.422     22.845     19.325    960.270    146.732    607.924
      3.590     18.822     23.976     25.086    919.693     79.461    544.118
      3.600     27.793     24.535     30.258    874.479     32.407    490.437
      3.610     36.316     24.689     34.937    830.164     -1.617    445.372
      3.620     44.409     24.546     39.200    788.480    -27.036    407.092
      3.630     52.101     24.178     43.106    749.797    -46.560    374.106
      3.640     59.420     23.636     46.703    714.012    -61.897    345.290
      3.650     66.394     22.955     50.028    680.864    -74.166    319.809
      3.660     73.049     22.164     53.112    650.065    -84.125    297.031
      3.670     79.406     21.282     55.980    621.338    -92.304    276.479
      3.680     85.485     20.325     58.651    594.438    -99.084    257.782
      3.690     91.303     19.306     61.143    569.148   -104.746    240.649
      3.700     96.875     18.234     63.471    545.282   -109.499    224.848
      3.710    102.215     17.119     65.646    522.680   -113.504    210.195
      3.720    107.334     15.967     67.680    501.204   -116.887    196.535
      3.730    112.244     14.784     69.581    480.735   -119.745    183.744
      3.740    116.953     13.575     71.358    461.169   -122.157    171.717
      3.750    121.471     12.343     73.019    442.417   -124.186    160.366
      3.760    125.805     11.093     74.569    424.399   -125.885    149.617
      3.770    129.962      9.827     76.014    407.046   -127.295    139.405
      3.780    133.949      8.548     77.359    390.298   -128.452    129.677
      3.790    137.771      7.259     78.609    374.100   -129.385    120.384
      3.800    141.434      5.961     79.769    358.404   -130.118    111.485
      3.810    144.942      4.657     80.841    343.168   -130.674    102.945
      3.820    148.299      3.349     81.829    328.352   -131.069     94.732
      3.830    151.510      2.037     82.737    313.922   -131.318     86.816
      3.840    154.579      0.723     83.567    299.847   -131.435     79.174
      3.850    157.509     -0.591     84.322    286.097   -131.431     71.782
      3.860    160.303     -1.905     85.004    272.647   -131.315     64.622
      3.870    162.963     -3.217     85.615    259.473   -131.096     57.674
      3.880    165.493     -4.527     86.158    246.553   -130.781     50.922
      3.890    167.896     -5.832     86.635    233.866   -130.377     44.352
      3.900    170.172     -7.134     87.046    221.395   -129.888     37.951
      3.910    172.324     -8.430     87.394    209.121   -129.320     31.705
      3.920    174.355     -9.720     87.681    197.029   -128.676     25.604
      3.930    176.266    -11.003     87.907    185.103   -127.961     19.637
      3.940    178.058    -12.279     88.074    173.330   -127.177     13.795
      3.950    179.733    -13.546     88.184    161.696   -126.326      8.070
      3.960    181.293    -14.805     88.236    150.188   -125.412      2.452
      3.970    182.738    -16.054     88.233    138.795   -124.435     -3.065
      3.980    184.069    -17.293     88.175    127.505   -123.398     -8.489
      3.990    185.288    -18.522     88.064    116.308   -122.301    -13.827
      4.000    186.396    -19.739     87.899    105.192   -121.146    -19.083
      4.010    187.392    -20.944     87.683     94.148   -119.933    -24.265
      4.020    188.279    -22.137     87.414     83.166   -118.662    -29.378
      4.030    189.056    -23.317     87.095     72.237   -117.334    -34.426
      4.040    189.724    -24.484     86.726     61.352   -115.949    -39.415
      4.050    190.283    -25.636     86.307     50.502   -114.507    -44.350
      4.060    190.734    -26.774     85.839     39.677   -113.007    -49.234
      4.070    191.077    -27.896     85.323     28.870   -111.448    -54.073
      4.080    191.311    -29.002     84.758     18.071   -109.829    -58.870
      4.090    191.438    -30.092     84.146      7.273   -108.151    -63.629
      4.100    191.457    -31.165     83.486     -3.534   -106.410    -68.354
      4.110    191.367    -32.220     82.779    -14.359   -104.606    -73.049
      4.120    191.170    -33.257     82.025    -25.209   -102.737    -77.717
      4.130    190.863    -34.274     81.225    -36.093   -100.802    -82.362
      4.140    190.447    -35.272     80.378    -47.021    -98.797    -86.987
      4.150    189.922    -36.250     79.485    -58.002    -96.720    -91.595
      4.160    189.287    -37.206     78.546    -69.044    -94.569    -96.191
      4.170    188.541    -38.141     77.561    -80.158    -92.341   -100.776
      4.180    187.684    -39.053     76.530    -91.353    -90.032   -105.355
      4.190    186.714    -39.941     75.454   -102.640    -87.638   -109.930
      4.200    185.630    -40.805     74.332   -114.029    -85.156   -114.505
      4.210    184.432    -41.644     73.164   -125.532    -82.581   -119.083
      4.220    183.119    -42.456     71.950   -137.160    -79.908   -123.667
      4.230    181.689    -43.241     70.691   -148.926    -77.132   -128.261
      4.240    180.140    -43.998     69.385   -160.843    -74.246   -132.868
      4.250    178.471    -44.726     68.033   -172.925    -71.244   -137.491
      4.260    176.680    -45.423     66.635   -185.187    -68.120   -142.133
      4.270    174.766    -46.088     65.190   -197.643    -64.863   -146.798
      4.280    172.726    -46.719     63.699   -210.312    -61.467   -151.490
      4.290    170.559    -47.316     62.160   -223.212    -57.921   -156.213
      4.300    168.261    -47.877     60.574   -236.362    -54.213   -160.969
      4.310    165.830    -48.400     58.941   -249.784    -50.333   -165.763
      4.320    163.264    -48.883     57.259   -263.501    -46.265   -170.599
      4.330    160.559    -49.324     55.529   -277.538    -41.995   -175.481
      4.340    157.711    -49.721     53.749   -291.923    -37.505   -180.413
      4.350    154.718    -50.073     51.920   -306.687    -32.776   -185.398
      4.360    151.575    -50.376     50.041   -321.863    -27.786   -190.442
      4.370    148.279    -50.627     48.111   -337.488    -22.509   -195.549
      4.380    144.823    -50.824     46.130   -353.604    -16.918   -200.723
      4.390    141.204    -50.964     44.096   -370.258    -10.977   -205.969
      4.400    137.415    -51.042     42.010   -387.502     -4.651   -211.290
      4.410    133.451    -51.054     39.870   -405.394      2.107   -216.690
      4.420    129.304    -50.997     37.676   -424.001      9.348   -222.173
      4.430    124.967    -50.865     35.426   -443.398     17.132   -227.741
      4.440    120.431    -50.651     33.120   -463.673     25.534   -233.396
      4.450    115.688    -50.351     30.758   -484.925     34.639   -239.136
      4.460    110.727    -49.955     28.337   -507.269     44.552   -244.959
      4.470    105.537    -49.455     25.858   -530.841     55.402   -250.857
      4.480    100.104    -48.841     23.320   -555.797     67.345   -256.815
      4.490     94.413    -48.102     20.722   -582.323     80.580   -262.811
      4.500     88.448    -47.222     18.063   -610.639     95.356   -268.807
      4.510     82.190    -46.185     15.346   -641.005    111.994   -274.741
      4.520     75.616    -44.971     12.569   -673.733    130.915   -280.519
      4.530     68.702    -43.553      9.737   -709.191    152.681   -285.986
      4.540     61.417    -41.899      6.853   -747.811    178.060   -290.895
      4.550     53.727    -39.968      3.924   -790.078    208.129   -294.833
      4.560     45.594    -37.705      0.964   -836.486    244.439   -297.088
      4.570     36.975    -35.036     -2.003   -887.371    289.287   -296.393
      4.580     27.826    -31.859     -4.937   -942.420    346.135   -290.472
      4.590     18.118    -28.028     -7.764   -999.152    420.107   -274.768
      4.600      7.881    -23.341    -10.340  -1048.352    517.347   -240.487
      4.610     -2.678    -17.574    -12.415  -1063.426    635.984   -174.498
      4.620    -13.032    -10.709    -13.693  -1007.261    737.093    -81.160
      4.630    -22.591     -3.138    -14.104   -904.536    777.031     -0.994
      4.640    -31.131      4.618    -13.851   -803.505    774.257     51.588
      4.650    -38.737     12.257    -13.169   -717.715    753.548     84.775
      4.660    -45.558     19.658    -12.214   -646.444    726.578    106.248
      4.670    -51.724     26.781    -11.080   -586.730    698.087    120.558
      4.680    -57.337     33.622     -9.826   -535.941    669.973    130.307
      4.690    -62.477     40.186     -8.489   -492.082    642.971    137.025
      4.700    -67.206     46.488     -7.096   -453.681    617.323    141.655
      4.710    -71.572     52.540     -5.663   -419.650    593.056    144.801
      4.720    -75.617     58.355     -4.205   -389.173    570.112    146.863
      4.730    -79.371     63.948     -2.730   -361.627    548.393    148.119
      4.740    -82.861     69.329     -1.246   -336.532    527.795    148.767
      4.750    -86.112     74.509      0.243   -313.507    508.214    148.958
      4.760    -89.140     79.498      1.732   -292.251    489.553    148.764
      4.770    -91.964     84.304      3.217   -272.518    471.725    148.254
      4.780    -94.597     88.936      4.695   -254.110    454.650    147.496
      4.790    -97.052     93.401      6.166   -236.860    438.258    146.538
      4.800    -99.340     97.704      7.625   -220.631    422.486    145.416
      4.810   -101.469    101.853      9.073   -205.306    407.276    144.159
      4.820   -103.450    105.852     10.508   -190.787    392.580    142.787
      4.830   -105.289    109.707     11.928   -176.990    378.352    141.320
      4.840   -106.993    113.422     13.334   -163.841    364.552    139.770
      4.850   -108.568    117.000     14.724   -151.278    351.143    138.150
      4.860   -110.021    120.446     16.097   -139.245    338.094    136.468
      4.870   -111.356    123.764     17.453   -127.695    325.373    134.732
      4.880   -112.577    126.955     18.791   -116.585    312.955    132.948
      4.890   -113.689    130.024     20.111   -105.877    300.815    131.122
      4.900   -114.696    132.973     21.413    -95.537    288.930    129.256
      4.910   -115.602    135.804     22.696    -85.537    277.281    127.355
      4.920   -116.409    138.520     23.960    -75.849    265.848    125.421
      4.930   -117.120    141.122     25.205    -66.448    254.613    123.456
      4.940   -117.739    143.613     26.429    -57.314    243.561    121.462
      4.950   -118.268    145.994     27.634    -48.426    232.677    119.440
      4.960   -118.709    148.267     28.818    -39.766    221.946    117.391
      4.970   -119.064    150.434     29.981    -31.318    211.355    115.316
      4.980   -119.336    152.495     31.124    -23.066    200.893    113.215
      4.990   -119.526    154.452     32.246    -14.998    190.548    111.089
      5.000   -119.637    156.306     33.346     -7.099    180.307    108.937
      5.010   -119.669    158.059     34.424      0.641    170.162    106.759
      5.020   -119.625    159.710     35.481      8.234    160.103    104.555
      5.030   -119.505    161.261     36.515     15.690    150.119    102.325
      5.040   -119.312    162.713     37.527     23.018    140.201    100.068
      5.050   -119.045    164.065     38.516     30.227    130.341     97.782
      5.060   -118.708    165.320     39.483     37.326    120.530     95.468
      5.070   -118.299    166.476     40.426     44.322    110.761     93.124
      5.080   -117.822    167.535     41.345     51.222    101.024     90.749
      5.090   -117.275    168.497     42.240     58.034     91.312     88.342
      5.100   -116.661    169.361     43.112     64.764     81.617     85.901
      5.110   -115.981    170.129     43.958     71.418     71.931     83.426
      5.120   -115.233    170.800     44.780     78.002     62.248     80.914
      5.130   -114.421    171.374     45.576     84.522     52.558     78.363
      5.140   -113.543    171.851     46.347     90.983     42.855     75.773
      5.150   -112.601    172.231     47.092     97.391     33.130     73.141
      5.160   -111.596    172.514     47.810    103.751     23.377     70.464
      5.170   -110.527    172.698     48.501    110.066     13.587     67.741
      5.180   -109.395    172.785     49.164    116.343      3.752     64.969
      5.190   -108.200    172.773     49.800    122.586     -6.136     62.145
      5.200   -106.943    172.662     50.407    128.799    -16.085     59.267
      5.210   -105.624    172.451     50.985    134.986    -26.104     56.332
      5.220   -104.243    172.140     51.533    141.152    -36.202     53.336
      5.230   -102.801    171.727     52.051    147.301    -46.389     50.275
      5.240   -101.297    171.211     52.538    153.438    -56.673     47.147
      5.250    -99.732    170.593     52.994    159.566    -67.065     43.946
      5.260    -98.106    169.869     53.417    165.689    -77.576     40.669
      5.270    -96.419    169.040     53.807    171.812    -88.216     37.310
      5.280    -94.670    168.104     54.163    177.939    -98.998     33.865
      5.290    -92.860    167.060     54.484    184.074   -109.935     30.327
      5.300    -90.988    165.905     54.769    190.220   -121.038     26.692
      5.310    -89.055    164.638     55.017    196.383   -132.324     22.951
      5.320    -87.061    163.257     55.227    202.566   -143.807     19.098
      5.330    -85.004    161.761     55.398    208.773   -155.503     15.124
      5.340    -82.885    160.146     55.529    215.009   -167.431     11.021
      5.350    -80.704    158.411     55.618    221.278   -179.609      6.780
      5.360    -78.459    156.553     55.664    227.585   -192.059      2.388
      5.370    -76.152    154.568     55.665    233.933   -204.803     -2.164
      5.380    -73.780    152.455     55.620    240.327   -217.866     -6.892
      5.390    -71.345    150.209     55.526    246.771   -231.275    -11.809
      5.400    -68.845    147.828     55.382    253.271   -245.062    -16.932
      5.410    -66.279    145.306     55.186    259.830   -259.259    -22.280
      5.420    -63.648    142.640     54.936    266.452   -273.903    -27.874
      5.430    -60.950    139.825     54.627    273.142   -289.036    -33.736
      5.440    -58.185    136.857     54.259    279.902   -304.704    -39.895
      5.450    -55.351    133.728     53.828    286.737   -320.959    -46.382
      5.460    -52.449    130.434     53.330    293.649   -337.861    -53.231
      5.470    -49.478    126.968     52.761    300.638   -355.477    -60.485
      5.480    -46.436    123.321     52.118    307.706   -373.884    -68.191
      5.490    -43.323    119.486     51.395    314.849   -393.170    -76.407
      5.500    -40.139    115.453     50.587    322.063   -413.438    -85.198
      5.510    -36.882    111.211     49.688    329.337   -434.806    -94.644
      5.520    -33.552    106.750     48.690    336.656   -457.414   -104.842
      5.530    -30.149    102.056     47.587    343.995   -481.427   -115.908
      5.540    -26.672     97.114     46.367    351.316   -507.043   -127.985
      5.550    -23.123     91.906     45.021    358.560   -534.495   -141.251
      5.560    -19.502     86.413     43.535    365.642   -564.070   -155.932
      5.570    -15.811     80.612     41.894    372.429   -596.114   -172.316
      5.580    -12.056     74.476     40.078    378.720   -631.056   -190.779
      5.590     -8.241     67.974     38.065    384.197   -669.421   -211.819
      5.600     -4.378     61.068     35.826    388.358   -711.859   -236.113
      5.610     -0.485     53.713     33.322    390.373   -759.155   -264.601
      5.620      3.411     45.856     30.506    388.823   -812.214   -298.609
      5.630      7.261     37.435     27.313    381.183   -871.906   -340.041
      5.640     10.981     28.383     23.655    362.744   -938.457   -391.572
      5.650     14.417     18.645     19.415    324.510  -1009.260   -456.412
      5.660     17.294      8.240     14.457    250.808  -1071.743   -535.134
      5.670     19.200     -2.571      8.723    130.341  -1090.446   -611.644
      5.680     19.858    -13.215      2.423      1.278  -1038.268   -648.459
      5.690     19.413    -23.174     -4.043    -90.180   -953.502   -644.635
      5.700     18.228    -32.290    -10.380   -146.963   -869.808   -622.857
      5.710     16.582    -40.619    -16.473   -182.219   -795.932   -595.637
      5.720     14.647    -48.259    -22.290   -204.630   -732.112   -567.795
      5.730     12.529    -55.304    -27.834   -219.125   -676.823   -541.028
      5.740     10.290    -61.830    -33.119   -228.533   -628.472   -515.862
      5.750      7.975    -67.901    -38.160   -234.538   -585.734   -492.374
      5.760      5.611    -73.568    -42.974   -238.193   -547.567   -470.480
      5.770      3.219    -78.871    -47.577   -240.175   -513.162   -450.038
      5.780      0.814    -83.847    -51.981   -240.940   -481.888   -430.898
      5.790     -1.595    -88.522    -56.200   -240.800   -453.248   -412.918
      5.800     -3.999    -92.923    -60.245   -239.977   -426.846   -395.970
      5.810     -6.392    -97.069    -64.124   -238.628   -402.363   -379.939
      5.820     -8.769   -100.978    -67.848   -236.872   -379.540   -364.727
      5.830    -11.128   -104.667    -71.423   -234.795   -358.164   -350.246
      5.840    -13.464   -108.148    -74.856   -232.462   -338.057   -336.421
      5.850    -15.776   -111.434    -78.154   -229.926   -319.070   -323.187
      5.860    -18.062   -114.534    -81.322   -227.223   -301.078   -310.486
      5.870    -20.320   -117.460    -84.366   -224.385   -283.973   -298.266
      5.880    -22.549   -120.218    -87.290   -221.435   -267.663   -286.484
      5.890    -24.748   -122.817    -90.098   -218.392   -252.070   -275.099
      5.900    -26.916   -125.262    -92.794   -215.272   -237.123   -264.077
      5.910    -29.053   -127.562    -95.381   -212.085   -222.763   -253.386
      5.920    -31.158   -129.720    -97.863   -208.841   -208.936   -242.997
      5.930    -33.230   -131.743   -100.242   -205.548   -195.595   -232.886
      5.940    -35.268   -133.635   -102.522   -202.212   -182.699   -223.030
      5.950    -37.274   -135.399   -104.704   -198.837   -170.210   -213.407
      5.960    -39.245   -137.041   -106.791   -195.427   -158.094   -203.999
      5.970    -41.182   -138.563   -108.785   -191.985   -146.323   -194.789
      5.980    -43.084   -139.969   -110.688   -188.513   -134.868   -185.761
      5.990    -44.952   -141.262   -112.501   -185.012   -123.706   -176.900
      6.000    -46.785   -142.444   -114.226   -181.483   -112.814   -168.192
      6.010    -48.582   -143.519   -115.866   -177.927   -102.171   -159.627
      6.020    -50.343   -144.489   -117.420   -174.344    -91.759   -151.190
      6.030    -52.068   -145.355   -118.890   -170.734    -81.560   -142.873
      6.040    -53.757   -146.121   -120.278   -167.096    -71.559   -134.665
      6.050    -55.410   -146.787   -121.584   -163.431    -61.741   -126.556
      6.060    -57.026   -147.357   -122.809   -159.737    -52.092   -118.537
      6.070    -58.605   -147.830   -123.955   -156.012    -42.600   -110.600
      6.080    -60.146   -148.209   -125.022   -152.257    -33.253   -102.737
      6.090    -61.650   -148.496   -126.010   -148.469    -24.040    -94.940
      6.100    -63.115   -148.691   -126.921   -144.647    -14.950    -87.202
      6.110    -64.542   -148.795   -127.754   -140.789     -5.973    -79.515
      6.120    -65.931   -148.811   -128.511   -136.894      2.899    -71.873
      6.130    -67.280   -148.738   -129.192   -132.959     11.677    -64.269
      6.140    -68.590   -148.578   -129.797   -128.982     20.367    -56.697
      6.150    -69.860   -148.331   -130.326   -124.961     28.979    -49.151
      6.160    -71.089   -147.998   -130.780   -120.893     37.520    -41.624
      6.170    -72.277   -147.581   -131.159   -116.776     45.998    -34.109
      6.180    -73.424   -147.079   -131.462   -112.607     54.419    -26.602
      6.190    -74.529   -146.493   -131.691   -108.383     62.791    -19.096
      6.200    -75.591   -145.823   -131.844   -104.100     71.120    -11.586
      6.210    -76.611   -145.070   -131.922    -99.756     79.414     -4.064
      6.220    -77.586   -144.235   -131.925    -95.346     87.678      3.474
      6.230    -78.517   -143.317   -131.853    -90.868     95.920     11.035
      6.240    -79.403   -142.317   -131.704    -86.316    104.145     18.626
      6.250    -80.243   -141.234   -131.480    -81.686    112.360     26.252
      6.260    -81.037   -140.069   -131.179    -76.974    120.571     33.920
      6.270    -81.782   -138.823   -130.801    -72.175    128.784     41.636
      6.280    -82.480   -137.494   -130.346    -67.283    137.006     49.408
      6.290    -83.127   -136.082   -129.813    -62.293    145.244     57.242
      6.300    -83.725   -134.589   -129.201    -57.198    153.503     65.147
      6.310    -84.271   -133.012   -128.510    -51.991    161.790     73.128
      6.320    -84.764   -131.353   -127.738    -46.666    170.113     81.196
      6.330    -85.204   -129.610   -126.885    -41.215    178.477     89.358
      6.340    -85.588   -127.783   -125.950    -35.629    186.891     97.623
      6.350    -85.915   -125.872   -124.932    -29.899    195.361    106.001
      6.360    -86.185   -123.875   -123.830    -24.015    203.895    114.502
      6.370    -86.395   -121.793   -122.641    -17.966    212.502    123.137
      6.380    -86.543   -119.625   -121.366    -11.740    221.188    131.917
      6.390    -86.629   -117.369   -120.002     -5.325    229.964    140.855
      6.400    -86.649   -115.025   -118.548      1.294    238.838    149.965
      6.410    -86.602   -112.592   -117.002      8.133    247.820    159.260
      6.420    -86.485   -110.068   -115.362     15.210    256.921    168.757
      6.430    -86.296   -107.453   -113.626     22.543    266.150    178.473
      6.440    -86.033   -104.745   -111.791     30.154    275.520    188.426
      6.450    -85.692   -101.942   -109.856     38.068    285.043    198.638
      6.460    -85.270    -99.043   -107.817     46.312    294.733    209.132
      6.470    -84.764    -96.046   -105.672     54.915    304.602    219.932
      6.480    -84.169    -92.950   -103.417     63.913    314.668    231.067
      6.490    -83.483    -89.752   -101.049     73.345    324.945    242.568
      6.500    -82.700    -86.450    -98.563     83.255    335.452    254.470
      6.510    -81.815    -83.041    -95.957     93.695    346.208    266.813
      6.520    -80.823    -79.524    -93.225    104.725    357.233    279.642
      6.530    -79.718    -75.895    -90.362    116.413    368.548    293.007
      6.540    -78.491    -72.152    -87.362    128.840    380.178    306.966
      6.550    -77.137    -68.290    -84.219    142.103    392.147    321.588
      6.560    -75.645    -64.307    -80.926    156.313    404.481    336.948
      6.570    -74.005    -60.198    -77.476    171.608    417.208    353.137
      6.580    -72.206    -55.961    -73.859    188.151    430.353    370.260
      6.590    -70.235    -51.589    -70.065    206.145    443.942    388.443
      6.600    -68.075    -47.080    -66.084    225.840    457.995    407.830
      6.610    -65.708    -42.427    -61.902    247.549    472.522    428.600
      6.620    -63.112    -37.627    -57.504    271.672    487.517    450.962
      6.630    -60.260    -32.674    -52.873    298.728    502.939    475.170
      6.640    -57.119    -27.566    -47.990    329.399    518.685    501.528
      6.650    -53.649    -22.300    -42.830    364.606    534.540    530.398
      6.660    -49.798    -16.877    -37.367    405.613    550.076    562.191
      6.670    -45.499    -11.305    -31.570    454.190    564.449    597.336
      6.680    -40.664     -5.602    -25.402    512.851    575.968    636.129
      6.690    -35.174      0.183    -18.830    585.103    581.140    678.276
      6.700    -28.872      5.951    -11.832    675.218    572.519    721.427
      6.710    -21.573     11.487     -4.441    784.708    534.682    756.759
      6.720    -13.173     16.391      3.148    895.304    445.964    760.927
      6.730     -3.927     20.223     10.523    953.865    320.602    714.135
      6.740      5.591     22.890     17.316    949.708    212.646    644.434
      6.750     14.922     24.631     23.430    916.465    135.621    578.394
      6.760     23.877     25.716     28.932    874.636     81.339    521.942
      6.770     32.411     26.332     33.913    832.026     41.940    474.369
      6.780     40.527     26.604     38.455    791.288     12.376    433.951
      6.790     48.250     26.613     42.620    753.184    -10.461    399.155
      6.800     55.604     26.418     46.460    717.786    -28.532    368.795
      6.810     62.618     26.060     50.014    684.921    -43.115    341.978
      6.820     69.314     25.569     53.314    654.342    -55.075    318.033
      6.830     75.715     24.969     56.386    625.799    -65.015    296.446
      6.840     81.839     24.277     59.253    599.057    -73.367    276.822
      6.850     87.704     23.508     61.931    573.910    -80.447    258.852
      6.860     93.325     22.673     64.437    550.176    -86.494    242.288
      6.870     98.714     21.782     66.783    527.698    -91.690    226.932
      6.880    103.884     20.843     68.981    506.338    -96.176    212.623
      6.890    108.846     19.862     71.040    485.981   -100.063    199.228
      6.900    113.608     18.844     72.969    466.521   -103.441    186.635
      6.910    118.180     17.795     74.776    447.871   -106.380    174.751
      6.920    122.569     16.718     76.467    429.953   -108.941    163.499
      6.930    126.783     15.618     78.049    412.696   -111.170    152.810
      6.940    130.826     14.497     79.526    396.041   -113.108    142.627
      6.950    134.706     13.357     80.904    379.934   -114.789    132.900
      6.960    138.427     12.202     82.186    364.327   -116.240    123.585
      6.970    141.995     11.033     83.377    349.177   -117.486    114.645
      6.980    145.413      9.853     84.481    334.445   -118.547    106.046
      6.990    148.686      8.663     85.500    320.097   -119.441     97.758
      7.000    151.817      7.465     86.437    306.102   -120.183     89.755
      7.010    154.809      6.260     87.296    292.430   -120.785     82.014
      7.020    157.667      5.050     88.079    279.057   -121.260     74.513
      7.030    160.392      3.836     88.788    265.958   -121.616     67.234
      7.040    162.987      2.618     89.425    253.111   -121.863     60.159
      7.050    165.455      1.399     89.992    240.497   -122.007     53.274
      7.060    167.798      0.179     90.491    228.096   -122.056     46.563
      7.070    170.018     -1.042     90.924    215.892   -122.015     40.014
      7.080    172.117     -2.261     91.292    203.868   -121.888     33.616
      7.090    174.096     -3.479     91.597    192.009   -121.682     27.356
      7.100    175.958     -4.695     91.840    180.302   -121.398     21.227
      7.110    177.703     -5.907     92.022    168.733   -121.041     15.218
      7.120    179.333     -7.115     92.145    157.289   -120.613      9.320
      7.130    180.849     -8.319     92.209    145.959   -120.117      3.526
      7.140    182.253     -9.517     92.216    134.731   -119.555     -2.171
      7.150    183.545    -10.710     92.166    123.594   -118.929     -7.779
      7.160    184.725    -11.895     92.060    112.539   -118.240    -13.304
      7.170    185.796    -13.074     91.900    101.555   -117.489    -18.752
      7.180    186.757    -14.245     91.686     90.632   -116.677    -24.128
      7.190    187.609    -15.407     91.418     79.762   -115.805    -29.439
      7.200    188.352    -16.561     91.097     68.935   -114.874    -34.690
      7.210    188.987    -17.704     90.724     58.142   -113.883    -39.885
      7.220    189.515    -18.838     90.300     47.375   -112.832    -45.029
      7.230    189.935    -19.961     89.824     36.624   -111.722    -50.126
      7.240    190.248    -21.072     89.298     25.881   -110.552    -55.182
      7.250    190.453    -22.171     88.721     15.139   -109.320    -60.199
      7.260    190.550    -23.258     88.094      4.387   -108.027    -65.183
      7.270    190.540    -24.332     87.417     -6.381   -106.671    -70.136
      7.280    190.423    -25.391     86.691    -17.176   -105.251    -75.064
      7.290    190.197    -26.436     85.916    -28.005   -103.765    -79.969
      7.300    189.862    -27.466     85.092    -38.878   -102.211    -84.855
      7.310    189.419    -28.480     84.219    -49.803   -100.588    -89.726
      7.320    188.866    -29.478     83.297    -60.790    -98.893    -94.585
      7.330    188.203    -30.458     82.327    -71.849    -97.124    -99.436
      7.340    187.428    -31.420     81.309    -82.988    -95.277   -104.282
      7.350    186.542    -32.363     80.242    -94.219    -93.350   -109.128
      7.360    185.544    -33.286     79.126   -105.552    -91.339   -113.975
      7.370    184.431    -34.189     77.962   -116.998    -89.240   -118.829
      7.380    183.203    -35.071     76.750   -128.569    -87.048   -123.692
      7.390    181.859    -35.930     75.488   -140.277    -84.759   -128.568
      7.400    180.397    -36.765     74.178   -152.136    -82.367   -133.461
      7.410    178.815    -37.577     72.819   -164.158    -79.867   -138.374
      7.420    177.113    -38.362     71.410   -176.359    -77.252   -143.311
      7.430    175.287    -39.121     69.953   -188.754    -74.514   -148.277
      7.440    173.337    -39.852     68.445   -201.360    -71.646   -153.274
      7.450    171.259    -40.553     66.887   -214.195    -68.639   -158.308
      7.460    169.051    -41.224     65.278   -227.280    -65.482   -163.383
      7.470    166.712    -41.862     63.619   -240.634    -62.165   -168.503
      7.480    164.237    -42.466     61.908   -254.280    -58.676   -173.672
      7.490    161.625    -43.035     60.145   -268.245    -54.999   -178.895
      7.500    158.871    -43.565     58.330   -282.555    -51.119   -184.178
      7.510    155.972    -44.056     56.461   -297.241    -47.020   -189.525
      7.520    152.924    -44.504     54.539   -312.336    -42.679   -194.942
      7.530    149.723    -44.908     52.562   -327.876    -38.075   -200.434
      7.540    146.364    -45.264     50.530   -343.903    -33.181   -206.007
      7.550    142.842    -45.570     48.442   -360.463    -27.967   -211.666
      7.560    139.152    -45.822     46.296   -377.606    -22.397   -217.418
      7.570    135.287    -46.016     44.093   -395.392    -16.432   -223.268
      7.580    131.240    -46.148     41.830   -413.885    -10.024   -229.222
      7.590    127.005    -46.214     39.508   -433.160     -3.116   -235.285
      7.600    122.573    -46.208     37.124   -453.304      4.357   -241.462
      7.610    117.934    -46.124     34.678   -474.413     12.474   -247.755
      7.620    113.079    -45.955     32.168   -496.601     21.332   -254.167
      7.630    107.996    -45.693     29.594   -520.003     31.048   -260.696
      7.640    102.672    -45.329     26.954   -544.771     41.764   -267.335
      7.650     97.093    -44.852     24.247   -571.090     53.659   -274.072
      7.660     91.241    -44.249     21.472   -599.177     66.962   -280.880
      7.670     85.099    -43.504     18.629   -629.290     81.962   -287.718
      7.680     78.644    -42.599     15.718   -661.738     99.040   -294.513
      7.690     71.851    -41.510     12.740   -696.892    118.703   -301.149
      7.700     64.690    -40.208      9.697   -735.191    141.640   -307.430
      7.710     57.129    -38.656      6.594   -777.146    168.817   -313.025
      7.720     49.126    -36.804      3.442   -823.310    201.620   -317.367
      7.730     40.639    -34.585      0.258   -874.182    242.096   -319.431
      7.740     31.619    -31.908     -2.925   -929.860    293.351   -317.336
      7.750     22.025    -28.641     -6.049   -988.979    360.102   -307.423
      7.760     11.853    -24.596     -8.998  -1045.407    448.803   -282.338
      7.770      1.230    -19.538    -11.556  -1079.201    562.855   -229.213
      7.780     -9.419    -13.334    -13.411  -1050.505    678.010   -141.746
      7.790    -19.465     -6.243    -14.386   -958.723    740.220    -53.415
      7.800    -28.539      1.213    -14.611   -856.153    750.975      8.550
      7.810    -36.651      8.655    -14.325   -766.112    737.356     48.526
      7.820    -43.935     15.914    -13.709   -690.690    714.375     74.773
      7.830    -50.525     22.927    -12.872   -627.418    688.372     92.589
      7.840    -56.531     29.679    -11.884   -573.646    661.964    105.035
      7.850    -62.035     36.170    -10.789   -527.272    636.225    113.915
      7.860    -67.105     42.409     -9.618   -486.725    611.569    120.336
      7.870    -71.793     48.407     -8.391   -450.836    588.120    125.003
      7.880    -76.141     54.177     -7.124   -418.730    565.873    128.386
      7.890    -80.183     59.731     -5.828   -389.737    544.764    130.805
      7.900    -83.949     65.078     -4.512   -363.343    524.711    132.487
      7.910    -87.461     70.230     -3.181   -339.142    505.625    133.595
      7.920    -90.741     75.195     -1.842   -316.810    487.419    134.253
      7.930    -93.805     79.982     -0.498   -296.087    470.013    134.558
      7.940    -96.669     84.599      0.848   -276.761    453.332    134.582
      7.950    -99.347     89.052      2.192   -258.655    437.311    134.339
      7.960   -101.848     93.348      3.533   -241.623    421.889    133.881
      7.970   -104.184     97.492      4.869   -225.542    407.013    133.247
      7.980   -106.363    101.491      6.198   -210.308    392.635    132.466
      7.990   -108.394    105.347      7.518   -195.831    378.712    131.559
      8.000   -110.283    109.067      8.828   -182.035    365.204    130.545
      8.010   -112.037    112.653     10.128   -168.852    352.077    129.437
      8.020   -113.663    116.110     11.416   -156.225    339.299    128.247
      8.030   -115.164    119.441     12.693   -144.103    326.841    126.985
      8.040   -116.547    122.649     13.956   -132.441    314.677    125.659
      8.050   -117.815    125.736     15.206   -121.200    302.784    124.275
      8.060   -118.973    128.706     16.441   -110.345    291.140    122.838
      8.070   -120.024    131.560     17.662    -99.843    279.725    121.354
      8.080   -120.972    134.301     18.868    -89.667    268.520    119.826
      8.090   -121.819    136.931     20.058    -79.791    257.508    118.257
      8.100   -122.569    139.452     21.233    -70.193    246.675    116.649
      8.110   -123.224    141.866     22.391    -60.851    236.004    115.005
      8.120   -123.787    144.173     23.533    -51.747    225.483    113.326
      8.130   -124.260    146.376     24.658    -42.863    215.098    111.615
      8.140   -124.645    148.476     25.765    -34.183    204.839    109.870
      8.150   -124.945    150.473     26.855    -25.693    194.692    108.094
      8.160   -125.160    152.370     27.927    -17.380    184.648    106.288
      8.170   -125.293    154.167     28.980     -9.231    174.696    104.450
      8.180   -125.345    155.864     30.016     -1.235    164.827    102.582
      8.190   -125.319    157.464     31.032      6.620    155.031    100.683
      8.200   -125.214    158.965     32.029     14.343    145.300     98.753
      8.210   -125.032    160.370     33.007     21.943    135.625     96.792
      8.220   -124.775    161.678     33.965     29.429    125.997     94.799
      8.230   -124.444    162.890     34.903     36.809    116.408     92.774
      8.240   -124.040    164.006     35.820     44.091    106.851     90.716
      8.250   -123.563    165.027     36.717     51.283     97.318     88.623
      8.260   -123.014    165.953     37.592     58.391     87.800     86.496
      8.270   -122.395    166.783     38.446     65.421     78.291     84.332
      8.280   -121.706    167.519     39.279     72.381     68.784     82.130
      8.290   -120.948    168.159     40.089     79.276     59.269     79.889
      8.300   -120.121    168.704     40.876     86.112     49.741     77.608
      8.310   -119.226    169.153     41.641     92.894     40.191     75.284
      8.320   -118.264    169.508     42.382     99.629     30.612     72.917
      8.330   -117.234    169.766     43.099    106.320     20.997     70.503
      8.340   -116.137    169.927     43.792    112.973     11.337     68.040
      8.350   -114.975    169.992     44.459    119.594      1.624     65.527
      8.360   -113.746    169.959     45.102    126.186     -8.149     62.961
      8.370   -112.451    169.829     45.718    132.755    -17.992     60.338
      8.380   -111.091    169.599     46.308    139.305    -27.912     57.657
      8.390   -109.665    169.270     46.871    145.841    -37.920     54.914
      8.400   -108.174    168.840     47.406    152.368    -48.025     52.104
      8.410   -106.618    168.309     47.913    158.889    -58.235     49.226
      8.420   -104.996    167.675     48.390    165.410    -68.563     46.274
      8.430   -103.309    166.937     48.838    171.935    -79.019     43.244
      8.440   -101.557    166.094     49.255    178.469    -89.614     40.131
      8.450    -99.740    165.144     49.640    185.016   -100.361     36.931
      8.460    -97.857    164.086     49.993    191.581   -111.272     33.636
      8.470    -95.908    162.918     50.312    198.168   -122.363     30.242
      8.480    -93.893    161.638     50.597    204.783   -133.647     26.742
      8.490    -91.812    160.244     50.847    211.430   -145.141     23.127
      8.500    -89.665    158.734     51.059    218.115   -156.862     19.390
      8.510    -87.450    157.105     51.234    224.841   -168.829     15.522
      8.520    -85.168    155.356     51.369    231.615   -181.063     11.513
      8.530    -82.817    153.483     51.463    238.442   -193.585      7.351
      8.540    -80.398    151.483     51.515    245.327   -206.421      3.024
      8.550    -77.910    149.352     51.523    252.275   -219.596     -1.481
      8.560    -75.353    147.089     51.485    259.293   -233.141     -6.180
      8.570    -72.724    144.688     51.398    266.386   -247.088    -11.090
      8.580    -70.024    142.145     51.262    273.560   -261.472    -16.231
      8.590    -67.252    139.456     51.072    280.821   -276.336    -21.625
      8.600    -64.408    136.615     50.828    288.174   -291.723    -27.297
      8.610    -61.489    133.618     50.525    295.624   -307.684    -33.277
      8.620    -58.495    130.459     50.161    303.178   -324.278    -39.596
      8.630    -55.424    127.129     49.731    310.840   -341.569    -46.294
      8.640    -52.277    123.623     49.233    318.612   -359.632    -53.416
      8.650    -49.052    119.932     48.660    326.498   -378.553    -61.014
      8.660    -45.747    116.048     48.010    334.498   -398.431    -69.150
      8.670    -42.361    111.959     47.274    342.608   -419.382    -77.899
      8.680    -38.894    107.654     46.448    350.820   -441.540    -87.349
      8.690    -35.344    103.121     45.523    359.120   -465.066    -97.607
      8.700    -31.711     98.345     44.491    367.482   -490.150   -108.808
      8.710    -27.995     93.309     43.342    375.865   -517.018   -121.115
      8.720    -24.194     87.994     42.062    384.205   -545.947   -134.736
      8.730    -20.311     82.378     40.639    392.401   -577.273   -149.936
      8.740    -16.348     76.435     39.054    400.293   -611.409   -167.059
      8.750    -12.308     70.133     37.286    407.629   -648.868   -186.563
      8.760     -8.200     63.437     35.308    413.999   -690.283   -209.066
      8.770     -4.036     56.304     33.085    418.727   -736.438   -235.423
      8.780      0.161     48.680     30.574    420.650   -788.266   -266.844
      8.790      4.352     40.505     27.714    417.699   -846.771   -305.076
      8.800      8.471     31.708     24.426    406.012   -912.636   -352.628
      8.810     12.392     22.221     20.599    378.121   -984.750   -412.831
      8.820     15.882     12.022     16.094    320.070  -1055.059   -488.166
      8.830     18.557      1.269     10.801    214.896  -1095.641   -570.293
      8.840     20.040     -9.545      4.829     81.684  -1067.065   -624.225
      8.850     20.329    -19.831     -1.457    -23.947   -990.181   -633.011
      8.860     19.748    -29.314     -7.709    -92.188   -906.476   -617.380
      8.870     18.610    -38.000    -13.762   -135.437   -830.553   -593.150
      8.880     17.115    -45.974    -19.562   -163.557   -764.421   -566.898
      8.890     15.386    -53.332    -25.102   -182.335   -707.004   -541.066
      8.900     13.498    -60.151    -30.390   -195.104   -656.787   -516.503
      8.910     11.504    -66.497    -35.440   -203.849   -612.430   -493.441
      8.920      9.435    -72.423    -40.266   -209.803   -572.853   -471.867
      8.930      7.318    -77.973    -44.884   -213.762   -537.211   -451.682
      8.940      5.168    -83.184    -49.306   -216.259   -504.841   -432.757
      8.950      2.998    -88.084    -53.545   -217.661   -475.220   -414.964
      8.960      0.819    -92.700    -57.610   -218.226   -447.933   -398.182
      8.970     -1.363    -97.053    -61.513   -218.144   -422.646   -382.303
      8.980     -3.542   -101.161    -65.261   -217.551   -399.086   -367.230
      8.990     -5.712   -105.042    -68.861   -216.552   -377.030   -352.879
      9.000     -7.871   -108.708    -72.321   -215.224   -356.291   -339.178
      9.010    -10.015   -112.173    -75.648   -213.630   -336.716   -326.060
      9.020    -12.143   -115.448    -78.845   -211.816   -318.171   -313.469
      9.030    -14.251   -118.541    -81.919   -209.819   -300.545   -301.355
      9.040    -16.338   -121.463    -84.874   -207.668   -283.743   -289.675
      9.050    -18.404   -124.220    -87.715   -205.389   -267.681   -278.388
      9.060    -20.446   -126.820    -90.444   -202.998   -252.288   -267.461
      9.070    -22.463   -129.269    -93.066   -200.512   -237.501   -256.861
      9.080    -24.455   -131.573    -95.583   -197.943   -223.264   -246.561
      9.090    -26.422   -133.737    -97.998   -195.301   -209.529   -236.536
      9.100    -28.361   -135.766   -100.315   -192.594   -196.252   -226.763
      9.110    -30.273   -137.664   -102.535   -189.829   -183.396   -217.222
      9.120    -32.157   -139.435   -104.660   -187.012   -170.924   -207.894
      9.130    -34.013   -141.084   -106.694   -184.146   -158.807   -198.761
      9.140    -35.840   -142.613   -108.636   -181.235   -147.015   -189.809
      9.150    -37.638   -144.026   -110.491   -178.282   -135.525   -181.022
      9.160    -39.405   -145.325   -112.258   -175.289   -124.312   -172.387
      9.170    -41.143   -146.513   -113.939   -172.258   -113.356   -163.892
      9.180    -42.850   -147.593   -115.536   -169.189   -102.636   -155.526
      9.190    -44.527   -148.567   -117.050   -166.084    -92.136   -147.277
      9.200    -46.172   -149.437   -118.482   -162.944    -81.839   -139.136
      9.210    -47.786   -150.205   -119.833   -159.767    -71.730   -131.094
      9.220    -49.367   -150.872   -121.104   -156.554    -61.794   -123.140
      9.230    -50.916   -151.442   -122.296   -153.305    -52.019   -115.268
      9.240    -52.433   -151.914   -123.410   -150.018    -42.393   -107.468
      9.250    -53.917   -152.290   -124.446   -146.694    -32.903    -99.734
      9.260    -55.367   -152.572   -125.405   -143.331    -23.539    -92.058
      9.270    -56.783   -152.761   -126.288   -139.928    -14.291    -84.432
      9.280    -58.165   -152.859   -127.094   -136.484     -5.150    -76.851
      9.290    -59.512   -152.865   -127.825   -132.996      3.895    -69.308
      9.300    -60.825   -152.781   -128.480   -129.464     12.851    -61.795
      9.310    -62.102   -152.608   -129.061   -125.885     21.727    -54.308
      9.320    -63.342   -152.347   -129.567   -122.258     30.531    -46.839
      9.330    -64.546   -151.998   -129.998   -118.579     39.271    -39.384
      9.340    -65.714   -151.562   -130.354   -114.848     47.954    -31.935
      9.350    -66.843   -151.039   -130.636   -111.060     56.587    -24.487
      9.360    -67.934   -150.430   -130.844   -107.214     65.178    -17.034
      9.370    -68.987   -149.736   -130.977   -103.306     73.734     -9.570
      9.380    -70.000   -148.956   -131.035    -99.333     82.260     -2.089
      9.390    -70.973   -148.091   -131.019    -95.292     90.764      5.415
      9.400    -71.906   -147.141   -130.927    -91.179     99.252     12.948
      9.410    -72.797   -146.106   -130.760    -86.989    107.732     20.516
      9.420    -73.645   -144.986   -130.516    -82.720    116.209     28.126
      9.430    -74.451   -143.782   -130.197    -78.365    124.690     35.785
      9.440    -75.212   -142.492   -129.800    -73.921    133.182     43.498
      9.450    -75.928   -141.118   -129.326    -69.382    141.691     51.274
      9.460    -76.599   -139.658   -128.775    -64.742    150.224     59.119
      9.470    -77.223   -138.113   -128.144    -59.995    158.788     67.042
      9.480    -77.798   -136.482   -127.433    -55.134    167.390     75.049
      9.490    -78.325   -134.765   -126.642    -50.153    176.037     83.150
      9.500    -78.801   -132.961   -125.770    -45.043    184.738     91.354
      9.510    -79.225   -131.070   -124.815    -39.795    193.498     99.669
      9.520    -79.596   -129.091   -123.776    -34.401    202.328    108.107
      9.530    -79.912   -127.023   -122.652    -28.851    211.234    116.676
      9.540    -80.172   -124.866   -121.441    -23.133    220.225    125.391
      9.550    -80.374   -122.618   -120.143    -17.235    229.312    134.261
      9.560    -80.516   -120.279   -118.755    -11.143    238.503    143.301
      9.570    -80.596   -117.848   -117.276     -4.844    247.808    152.526
      9.580    -80.612   -115.322   -115.704      1.679    257.239    161.949
      9.590    -80.561   -112.702   -114.036      8.445    266.808    171.590
      9.600    -80.441   -109.985   -112.271     15.474    276.525    181.466
      9.610    -80.250   -107.171   -110.406     22.788    286.406    191.598
      9.620    -79.984   -104.256   -108.438     30.412    296.462    202.007
      9.630    -79.640   -101.241   -106.364     38.375    306.711    212.720
      9.640    -79.215    -98.121   -104.182     46.710    317.168    223.764
      9.650    -78.704    -94.896   -101.887     55.452    327.851    235.169
      9.660    -78.104    -91.563    -99.476     64.644    338.779    246.970
      9.670    -77.409    -88.119    -96.945     74.333    349.973    259.206
      9.680    -76.614    -84.562    -94.290     84.575    361.455    271.921
      9.690    -75.714    -80.888    -91.504     95.435    373.250    285.165
      9.700    -74.702    -77.095    -88.583    106.988    385.383    298.996
      9.710    -73.570    -73.179    -85.521    119.322    397.883    313.477
      9.720    -72.311    -69.136    -82.310    132.543    410.781    328.687
      9.730    -70.914    -64.961    -78.943    146.777    424.108    344.711
      9.740    -69.370    -60.651    -75.411    162.176    437.899    361.655
      9.750    -67.664    -56.201    -71.705    178.928    452.185    379.639
      9.760    -65.783    -51.605    -67.813    197.263    466.999    398.809
      9.770    -63.710    -46.858    -63.722    217.470    482.366    419.335
      9.780    -61.423    -41.955    -59.418    239.918    498.301    441.427
      9.790    -58.898    -36.889    -54.884    265.081    514.794    465.333
      9.800    -56.104    -31.656    -50.101    293.586    531.788    491.356
      9.810    -53.005    -26.252    -45.045    326.271    549.139    519.861
      9.820    -49.552    -20.673    -39.689    364.289    566.540    551.275
      9.830    -45.684    -14.924    -34.002    409.254    583.353    586.071
      9.840    -41.321     -9.016    -27.949    463.469    598.278    624.679
      9.850    -36.352     -2.981    -21.489    530.219    608.596    667.170
      9.860    -30.632      3.104    -14.592    613.873    608.453    712.239
      9.870    -23.972      9.072     -7.261    718.116    585.219    753.970
      9.880    -16.209     14.582      0.378    834.513    516.713    773.931
      9.890     -7.449     19.157      7.971    917.517    398.361    744.663
      9.900      1.806     22.555     15.094    933.377    281.210    679.893
      9.910     11.022     24.931     21.556    909.791    193.870    612.488
      9.920     19.933     26.559     27.385    872.428    131.714    553.411
      9.930     28.455     27.650     32.669    832.054     86.483    503.302
      9.940     36.578     28.344     37.489    792.553     52.473    460.688
      9.950     44.317     28.737     41.912    755.203     26.121    424.030
      9.960     51.695     28.894     45.993    720.310      5.181    392.085
      9.970     58.735     28.861     49.773    687.812    -11.811    363.904
      9.980     65.462     28.672     53.286    657.521    -25.838    338.771
      9.990     71.895     28.355     56.561    629.215    -37.584    316.138
     10.000     78.055     27.930     59.619    602.680    -47.538    295.582
     10.010     83.957     27.412     62.481    577.717    -56.058    276.771
