#         t          x          y          z         vx         vy         vz
      0.000   -476.240    491.430   -412.430     44.340    101.220    141.390
      0.071   -472.950    498.960   -402.000     50.120    107.170    147.800
      0.143        nan        nan        nan        nan        nan        nan
      0.214   -464.670    514.790   -380.620     63.630    116.210    160.080
      0.286   -460.020    523.450   -368.480     72.270    124.960    171.100
      0.357   -454.470    532.530   -355.800     82.680    129.030    183.840
      0.429   -448.070    541.950   -342.360     94.750    133.400    191.160
      0.500   -440.870    551.420   -328.540    107.370    134.080    200.580
      0.571   -432.460    561.190   -313.680    130.800    138.140    212.260
      0.643        nan        nan        nan        nan        nan        nan
      0.714   -410.480    580.360   -281.690    178.990    127.220    236.460
      0.786   -396.660    588.870   -264.610    206.310    112.790    241.550
      0.857   -380.890    596.270   -247.150    237.720     93.210    246.680
      0.929   -362.750    601.810   -229.360    265.180     60.810    247.720
      1.000   -343.350    605.150   -212.030    279.320     31.320    237.270
      1.071   -323.070    606.310   -195.680    286.860      1.920    220.580
      1.143   -302.660    605.500   -180.480    286.500    -25.060    204.070
      1.214   -282.300    602.770   -166.520    281.220    -52.080    188.090
      1.286   -262.570    598.370   -153.540    273.300    -68.560    176.580
      1.357   -243.370    592.950   -141.400    263.400    -81.620    163.820
      1.429   -224.780    586.590   -130.120    255.680    -97.030    149.650
      1.500   -206.950    579.260   -119.870    243.950   -107.290    138.180
      1.571   -189.870    571.290   -110.330    236.130   -116.020    129.740
      1.643   -173.320    562.780   -101.470    226.570   -121.630    120.480
      1.714   -157.460    553.800    -93.080    217.750   -131.120    113.580
      1.786   -142.220    544.260    -85.330    208.030   -135.620    104.700
      1.857   -127.690    534.380    -78.130    200.150   -142.040     97.210
      1.929   -113.710    524.070    -71.440    191.400   -147.290     90.740
      2.000   -100.330    513.270    -65.180    183.370   -154.000     85.250
      2.071    -87.650    502.060    -59.300    171.790   -157.810     79.140
      2.143    -75.610    490.790    -53.850    167.740   -158.290     72.690
      2.214    -64.010    479.350    -48.910    156.480   -162.070     68.070
      2.286    -53.000    467.620    -44.160    151.550   -165.820     63.750
      2.357    -42.380    455.620    -39.850    145.210   -169.640     58.700
      2.429    -32.340    443.380    -35.710    136.430   -171.140     56.450
      2.500    -23.090    431.110    -31.740    125.530   -175.880     53.640
      2.571    -14.360    418.430    -28.160    117.840   -179.970     45.560
      2.643     -6.220    405.460    -24.940    109.840   -185.200     43.790
      2.714      1.380    392.090    -21.980    103.000   -186.630     37.940
      2.786      8.570    378.740    -19.460     98.370   -189.840     33.840
      2.857     15.190    364.900    -17.100     88.120   -196.560     29.940
      2.929     20.970    350.750    -15.010     77.680   -200.240     25.220
      3.000     26.210    336.340    -13.360     68.530   -203.590     22.210
      3.071     30.760    321.630    -11.840     57.250   -208.830     18.710
      3.143     34.550    306.560    -10.610     47.660   -213.640     15.190
      3.214     37.590    291.160     -9.790     36.070   -218.620      8.850
      3.286     39.550    275.340     -9.460     21.470   -222.900      3.880
      3.357     40.450    259.280     -9.320      5.770   -227.880     -0.200
      3.429     40.090    242.860     -9.490    -13.890   -231.290     -6.230
      3.500     38.430    226.070    -10.290    -31.270   -237.890    -13.840
      3.571     35.470    208.830    -11.440    -53.650   -244.330    -20.130
      3.643     30.840    191.180    -13.310    -79.500   -246.340    -32.970
      3.714     23.910    173.660    -16.030   -114.540   -243.020    -43.370
      3.786     14.530    156.630    -19.660   -151.500   -232.330    -56.600
      3.857      2.450    140.770    -24.260   -187.640   -210.100    -71.500
      3.929    -12.010    126.670    -29.660   -220.870   -179.010    -81.120
      4.000    -28.710    115.660    -35.720   -247.190   -128.840    -83.960
      4.071    -46.980    108.390    -41.630   -257.500    -70.840    -79.290
      4.143    -65.250    105.740    -46.980   -250.200     -2.360    -66.310
      4.214    -82.120    108.180    -50.990   -219.180     67.860    -48.810
      4.286    -96.080    115.230    -53.680   -166.610    123.500    -28.270
      4.357   -105.730    125.330    -54.950   -104.260    155.200     -8.280
      4.429   -111.070    137.020    -55.000    -46.970    168.810      6.280
      4.500   -112.630    149.090    -54.140      0.820    169.320     15.440
      4.571   -111.130    161.080    -52.670     39.010    165.360     24.920
      4.643   -107.070    172.680    -50.610     71.910    159.840     30.780
      4.714   -100.860    183.850    -48.130    101.170    152.990     37.860
      4.786    -92.720    194.500    -45.030    126.420    145.490     48.050
      4.857    -82.940    204.580    -41.140    148.250    137.460     59.900
      4.929    -71.730    213.980    -36.440    166.490    130.370     71.920
      5.000    -59.060    222.960    -30.840    184.370    124.270     86.360
      5.071    -45.330    231.640    -23.990    205.060    120.890    106.340
      5.143    -29.950    240.110    -15.180    230.970    114.280    145.210
      5.214    -12.610    247.490     -2.690    255.200     86.300    213.520
      5.286      5.100    250.780     15.170    232.350     -5.240    277.380
      5.357     19.830    247.440     34.570    180.130    -80.510    258.780
      5.429     31.200    240.450     51.590    142.290   -112.720    221.150
      5.500     40.440    231.870     66.030    117.310   -131.910    184.190
      5.571     48.490    222.020     78.470     95.560   -142.060    155.190
      5.643     54.860    211.580     88.610     78.700   -150.090    126.500
      5.714     59.550    200.940     96.390     62.810   -158.400    104.200
      5.786     63.630    189.570    103.030     48.900   -161.850     81.560
      5.857        nan        nan        nan        nan        nan        nan
      5.929     68.810    166.060    111.250     19.960   -166.940     36.050
      6.000     70.000    154.140    113.060      8.700   -168.460     10.190
      6.071     70.400    141.420    114.100     -2.970   -165.060    -11.120
      6.143     69.490    129.730    112.350    -19.250   -161.020    -37.100
      6.214     67.850    119.370    107.990    -31.060   -153.960    -64.880
      6.286     65.090    108.870    102.270    -48.370   -141.660    -97.890
      6.357     61.570     99.210     94.580    -63.370   -125.350   -129.820
      6.429        nan        nan        nan        nan        nan        nan
      6.500     51.140     84.640     71.910    -90.310    -72.380   -196.960
      6.571        nan        nan        nan        nan        nan        nan
      6.643        nan        nan        nan        nan        nan        nan
      6.714     29.760     86.030     23.100   -100.130    114.960   -253.750
      6.786     23.700     96.160      6.630    -75.070    185.530   -216.960
      6.857        nan        nan        nan        nan        nan        nan
      6.929     17.770    125.610    -14.760     -8.740    230.010    -87.940
      7.000        nan        nan        nan        nan        nan        nan
      7.071        nan        nan        nan        nan        nan        nan
      7.143        nan        nan        nan        nan        nan        nan
      7.214     39.920    156.440     18.680    108.220     -0.270    171.660
      7.286     32.290    187.120    -11.050     77.110    119.840     86.520
      7.357        nan        nan        nan        nan        nan        nan
      7.429        nan        nan        nan        nan        nan        nan
      7.500     80.980     98.860     72.550      0.710   -299.800    -36.850
      7.571        nan        nan        nan        nan        nan        nan
      7.643     81.940     61.020     65.710    -27.510   -200.040   -127.700
      7.714        nan        nan        nan        nan        nan        nan
      7.786        nan        nan        nan        nan        nan        nan
      7.857     85.050    186.390     61.710    101.620   -139.710    161.880
      7.929        nan        nan        nan        nan        nan        nan
      8.000        nan        nan        nan        nan        nan        nan
      8.071        nan        nan        nan        nan        nan        nan
      8.143        nan        nan        nan        nan        nan        nan
      8.214        nan        nan        nan        nan        nan        nan
      8.286        nan        nan        nan        nan        nan        nan
      8.357        nan        nan        nan        nan        nan        nan
      8.429        nan        nan        nan        nan        nan        nan
      8.500        nan        nan        nan        nan        nan        nan
      8.571        nan        nan        nan        nan        nan        nan
      8.643        nan        nan        nan        nan        nan        nan
      8.714        nan        nan        nan        nan        nan        nan
      8.786        nan        nan        nan        nan        nan        nan
      8.857        nan        nan        nan        nan        nan        nan
      8.929        nan        nan        nan        nan        nan        nan
      9.000        nan        nan        nan        nan        nan        nan
      9.071        nan        nan        nan        nan        nan        nan
      9.143        nan        nan        nan        nan        nan        nan
      9.214        nan        nan        nan        nan        nan        nan
      9.286        nan        nan        nan        nan        nan        nan
      9.357        nan        nan        nan        nan        nan        nan
      9.429        nan        nan        nan        nan        nan        nan
      9.500    127.690     94.110     93.770    208.080    -55.930    310.180
      9.571        nan        nan        nan        nan        nan        nan
      9.643        nan        nan        nan        nan        nan        nan
      9.714    160.660     53.350    137.310    115.980   -258.320    124.220
      9.786        nan        nan        nan        nan        nan        nan
      9.857        nan        nan        nan        nan        nan        nan
      9.929    117.050     44.420     78.220    -55.990    182.750    -31.720
     10.000        nan        nan        nan        nan        nan        nan
     10.071        nan        nan        nan        nan        nan        nan
     10.143        nan        nan        nan        nan        nan        nan
     10.214        nan        nan        nan        nan        nan        nan
     10.286        nan        nan        nan        nan        nan        nan
     10.357        nan        nan        nan        nan        nan        nan
     10.429        nan        nan        nan        nan        nan        nan
     10.500        nan        nan        nan        nan        nan        nan
     10.571        nan        nan        nan        nan        nan        nan
     10.643        nan        nan        nan        nan        nan        nan
     10.714        nan        nan        nan        nan        nan        nan
     10.786        nan        nan        nan        nan        nan        nan
     10.857        nan        nan        nan        nan        nan        nan
     10.929        nan        nan        nan        nan        nan        nan
     11.000        nan        nan        nan        nan        nan        nan
     11.071    201.640     43.220    157.670     50.680   -258.200    -25.190
     11.143    194.580     26.090    153.460    -34.940   -223.440   -143.300
     11.214        nan        nan        nan        nan        nan        nan
     11.286        nan        nan        nan        nan        nan        nan
     11.357    164.830     32.080    116.410     -8.350    175.240     31.170
     11.429        nan        nan        nan        nan        nan        nan
